average:80.300003 
loop_iterations:10 
total_time:805 
throughput:12.422360
timeouts:0
