average:1011.000000 
loop_iterations:10 
total_time:103132 
throughput:0.009696
timeouts:9
