average:979.400024 
loop_iterations:10 
total_time:101870 
throughput:0.009816
timeouts:9
