average:1019.099976 
loop_iterations:10 
total_time:105438 
throughput:0.009484
timeouts:9
