average:988.400024 
loop_iterations:10 
total_time:101858 
throughput:0.009818
timeouts:9
