average:991.700012 
loop_iterations:10 
total_time:101862 
throughput:0.009817
timeouts:9
