average:1014.500000 
loop_iterations:10 
total_time:103131 
throughput:0.009696
timeouts:9
