average:0.000000 
loop_iterations:10 
total_time:113803 
throughput:0.000000
timeouts:10
