average:0.000000 
loop_iterations:10 
total_time:113765 
throughput:0.000000
timeouts:10
