average:1008.500000 
loop_iterations:10 
total_time:103134 
throughput:0.009696
timeouts:9
