average:1107.199951 
loop_iterations:5 
total_time:36961 
throughput:0.135278
