average:1028.400024 
loop_iterations:5 
total_time:36546 
throughput:0.136814
