average:11879.599609 
loop_iterations:5 
total_time:66483 
throughput:0.075207
