average:1001.400024 
loop_iterations:5 
total_time:36398 
throughput:0.137370
