average:1142.599976 
loop_iterations:5 
total_time:37128 
throughput:0.134669
