average:1165.800049 
loop_iterations:5 
total_time:12912 
throughput:0.387237
