average:1146.400024 
loop_iterations:5 
total_time:12813 
throughput:0.390229
