average:1128.000000 
loop_iterations:5 
total_time:12714 
throughput:0.393267
