average:1054.800049 
loop_iterations:5 
total_time:36683 
throughput:0.136303
