average:3342.199951 
loop_iterations:5 
total_time:23785 
throughput:0.210217
