average:1175.400024 
loop_iterations:5 
total_time:12966 
throughput:0.385624
