average:1037.199951 
loop_iterations:5 
total_time:36589 
throughput:0.136653
