average:1078.800049 
loop_iterations:5 
total_time:12464 
throughput:0.401155
