average:1081.199951 
loop_iterations:5 
total_time:36818 
throughput:0.135803
