average:22005.599609 
loop_iterations:5 
total_time:117135 
throughput:0.042686
