average:11862.000000 
loop_iterations:5 
total_time:66410 
throughput:0.075290
