average:3427.000000 
loop_iterations:5 
total_time:24223 
throughput:0.206415
