average:1068.800049 
loop_iterations:5 
total_time:12448 
throughput:0.401671
