average:11835.400391 
loop_iterations:5 
total_time:66287 
throughput:0.075430
