average:1070.800049 
loop_iterations:5 
total_time:5355 
throughput:0.933707
