average:1095.800049 
loop_iterations:5 
total_time:5479 
throughput:0.912575
