average:1029.599976 
loop_iterations:5 
total_time:5149 
throughput:0.971062
