average:1137.400024 
loop_iterations:5 
total_time:12807 
throughput:0.390411
