average:3477.800049 
loop_iterations:5 
total_time:24501 
throughput:0.204073
