average:1062.400024 
loop_iterations:5 
total_time:5313 
throughput:0.941088
