average:3418.199951 
loop_iterations:5 
total_time:24184 
throughput:0.206748
