average:11897.000000 
loop_iterations:5 
total_time:66587 
throughput:0.075090
