average:1045.800049 
loop_iterations:5 
total_time:5230 
throughput:0.956023
