average:1098.800049 
loop_iterations:5 
total_time:36916 
throughput:0.135443
