average:3401.399902 
loop_iterations:5 
total_time:24098 
throughput:0.207486
