average:6694.000000 
loop_iterations:5 
total_time:64910 
throughput:0.077030
